Model Parameters:
learning_rate: 0.0009415565762164683
dropout: 0.30000000000000004
dense_units: 192
batch_size: 64

Word2Vec Parameters:
w2v_sg: 0
w2v_vector_size: 200
w2v_window: 7
w2v_min_count: 15
w2v_negative: 5
w2v_sample: 1.8057846289648142e-05
